date,festival_id,label,day_index,duration_days,lunar_month
1985-02-17,maha_shivaratri,Maha Shivaratri,1,1,magha
1985-03-22,chaitra_navratri,Chaitra Navratri (day 1),1,9,chaitra
1985-03-23,chaitra_navratri,Chaitra Navratri (day 1),2,9,chaitra
1985-03-24,chaitra_navratri,Chaitra Navratri (day 1),3,9,chaitra
1985-03-25,chaitra_navratri,Chaitra Navratri (day 1),4,9,chaitra
1985-03-26,chaitra_navratri,Chaitra Navratri (day 1),5,9,chaitra
1985-03-27,chaitra_navratri,Chaitra Navratri (day 1),6,9,chaitra
1985-03-28,chaitra_navratri,Chaitra Navratri (day 1),7,9,chaitra
1985-03-29,chaitra_navratri,Chaitra Navratri (day 1),8,9,chaitra
1985-03-30,chaitra_navratri,Chaitra Navratri (day 1),9,9,chaitra
1985-08-30,raksha_bandhan,Raksha Bandhan,1,1,shravana
1985-10-15,sharad_navratri,Sharad Navratri (day 1),1,9,ashvina
1985-10-16,sharad_navratri,Sharad Navratri (day 1),2,9,ashvina
1985-10-17,sharad_navratri,Sharad Navratri (day 1),3,9,ashvina
1985-10-18,sharad_navratri,Sharad Navratri (day 1),4,9,ashvina
1985-10-19,sharad_navratri,Sharad Navratri (day 1),5,9,ashvina
1985-10-20,sharad_navratri,Sharad Navratri (day 1),6,9,ashvina
1985-10-21,sharad_navratri,Sharad Navratri (day 1),7,9,ashvina
1985-10-22,sharad_navratri,Sharad Navratri (day 1),8,9,ashvina
1985-10-23,sharad_navratri,Sharad Navratri (day 1),9,9,ashvina
1985-11-12,diwali,Diwali (Lakshmi Puja),1,1,ashvina
1986-03-08,maha_shivaratri,Maha Shivaratri,1,1,magha
1986-04-10,chaitra_navratri,Chaitra Navratri (day 1),1,9,chaitra
1986-04-11,chaitra_navratri,Chaitra Navratri (day 1),2,9,chaitra
1986-04-12,chaitra_navratri,Chaitra Navratri (day 1),3,9,chaitra
1986-04-13,chaitra_navratri,Chaitra Navratri (day 1),4,9,chaitra
1986-04-14,chaitra_navratri,Chaitra Navratri (day 1),5,9,chaitra
1986-04-15,chaitra_navratri,Chaitra Navratri (day 1),6,9,chaitra
1986-04-16,chaitra_navratri,Chaitra Navratri (day 1),7,9,chaitra
1986-04-17,chaitra_navratri,Chaitra Navratri (day 1),8,9,chaitra
1986-04-18,chaitra_navratri,Chaitra Navratri (day 1),9,9,chaitra
1986-08-19,raksha_bandhan,Raksha Bandhan,1,1,shravana
1986-10-04,sharad_navratri,Sharad Navratri (day 1),1,9,ashvina
1986-10-05,sharad_navratri,Sharad Navratri (day 1),2,9,ashvina
1986-10-06,sharad_navratri,Sharad Navratri (day 1),3,9,ashvina
1986-10-07,sharad_navratri,Sharad Navratri (day 1),4,9,ashvina
1986-10-08,sharad_navratri,Sharad Navratri (day 1),5,9,ashvina
1986-10-09,sharad_navratri,Sharad Navratri (day 1),6,9,ashvina
1986-10-10,sharad_navratri,Sharad Navratri (day 1),7,9,ashvina
1986-10-11,sharad_navratri,Sharad Navratri (day 1),8,9,ashvina
1986-10-12,sharad_navratri,Sharad Navratri (day 1),9,9,ashvina
1986-11-01,diwali,Diwali (Lakshmi Puja),1,1,ashvina
1987-02-26,maha_shivaratri,Maha Shivaratri,1,1,magha
1987-03-30,chaitra_navratri,Chaitra Navratri (day 1),1,9,chaitra
1987-03-31,chaitra_navratri,Chaitra Navratri (day 1),2,9,chaitra
1987-04-01,chaitra_navratri,Chaitra Navratri (day 1),3,9,chaitra
1987-04-02,chaitra_navratri,Chaitra Navratri (day 1),4,9,chaitra
1987-04-03,chaitra_navratri,Chaitra Navratri (day 1),5,9,chaitra
1987-04-04,chaitra_navratri,Chaitra Navratri (day 1),6,9,chaitra
1987-04-05,chaitra_navratri,Chaitra Navratri (day 1),7,9,chaitra
1987-04-06,chaitra_navratri,Chaitra Navratri (day 1),8,9,chaitra
1987-04-07,chaitra_navratri,Chaitra Navratri (day 1),9,9,chaitra
1987-08-09,raksha_bandhan,Raksha Bandhan,1,1,shravana
1987-09-24,sharad_navratri,Sharad Navratri (day 1),1,9,ashvina
1987-09-25,sharad_navratri,Sharad Navratri (day 1),2,9,ashvina
1987-09-26,sharad_navratri,Sharad Navratri (day 1),3,9,ashvina
1987-09-27,sharad_navratri,Sharad Navratri (day 1),4,9,ashvina
1987-09-28,sharad_navratri,Sharad Navratri (day 1),5,9,ashvina
1987-09-29,sharad_navratri,Sharad Navratri (day 1),6,9,ashvina
1987-09-30,sharad_navratri,Sharad Navratri (day 1),7,9,ashvina
1987-10-01,sharad_navratri,Sharad Navratri (day 1),8,9,ashvina
1987-10-02,sharad_navratri,Sharad Navratri (day 1),9,9,ashvina
1987-10-22,diwali,Diwali (Lakshmi Puja),1,1,ashvina
1988-02-16,maha_shivaratri,Maha Shivaratri,1,1,magha
1988-03-18,chaitra_navratri,Chaitra Navratri (day 1),1,9,chaitra
1988-03-19,chaitra_navratri,Chaitra Navratri (day 1),2,9,chaitra
1988-03-20,chaitra_navratri,Chaitra Navratri (day 1),3,9,chaitra
1988-03-21,chaitra_navratri,Chaitra Navratri (day 1),4,9,chaitra
1988-03-22,chaitra_navratri,Chaitra Navratri (day 1),5,9,chaitra
1988-03-23,chaitra_navratri,Chaitra Navratri (day 1),6,9,chaitra
1988-03-24,chaitra_navratri,Chaitra Navratri (day 1),7,9,chaitra
1988-03-25,chaitra_navratri,Chaitra Navratri (day 1),8,9,chaitra
1988-03-26,chaitra_navratri,Chaitra Navratri (day 1),9,9,chaitra
1988-08-27,raksha_bandhan,Raksha Bandhan,1,1,shravana
1988-10-11,sharad_navratri,Sharad Navratri (day 1),1,9,ashvina
1988-10-12,sharad_navratri,Sharad Navratri (day 1),2,9,ashvina
1988-10-13,sharad_navratri,Sharad Navratri (day 1),3,9,ashvina
1988-10-14,sharad_navratri,Sharad Navratri (day 1),4,9,ashvina
1988-10-15,sharad_navratri,Sharad Navratri (day 1),5,9,ashvina
1988-10-16,sharad_navratri,Sharad Navratri (day 1),6,9,ashvina
1988-10-17,sharad_navratri,Sharad Navratri (day 1),7,9,ashvina
1988-10-18,sharad_navratri,Sharad Navratri (day 1),8,9,ashvina
1988-10-19,sharad_navratri,Sharad Navratri (day 1),9,9,ashvina
1988-11-09,diwali,Diwali (Lakshmi Puja),1,1,ashvina
1989-03-06,maha_shivaratri,Maha Shivaratri,1,1,magha
1989-04-06,chaitra_navratri,Chaitra Navratri (day 1),1,9,chaitra
1989-04-07,chaitra_navratri,Chaitra Navratri (day 1),2,9,chaitra
1989-04-08,chaitra_navratri,Chaitra Navratri (day 1),3,9,chaitra
1989-04-09,chaitra_navratri,Chaitra Navratri (day 1),4,9,chaitra
1989-04-10,chaitra_navratri,Chaitra Navratri (day 1),5,9,chaitra
1989-04-11,chaitra_navratri,Chaitra Navratri (day 1),6,9,chaitra
1989-04-12,chaitra_navratri,Chaitra Navratri (day 1),7,9,chaitra
1989-04-13,chaitra_navratri,Chaitra Navratri (day 1),8,9,chaitra
1989-04-14,chaitra_navratri,Chaitra Navratri (day 1),9,9,chaitra
1989-08-17,raksha_bandhan,Raksha Bandhan,1,1,shravana
1989-09-30,sharad_navratri,Sharad Navratri (day 1),1,9,ashvina
1989-10-01,sharad_navratri,Sharad Navratri (day 1),2,9,ashvina
1989-10-02,sharad_navratri,Sharad Navratri (day 1),3,9,ashvina
1989-10-03,sharad_navratri,Sharad Navratri (day 1),4,9,ashvina
1989-10-04,sharad_navratri,Sharad Navratri (day 1),5,9,ashvina
1989-10-05,sharad_navratri,Sharad Navratri (day 1),6,9,ashvina
1989-10-06,sharad_navratri,Sharad Navratri (day 1),7,9,ashvina
1989-10-07,sharad_navratri,Sharad Navratri (day 1),8,9,ashvina
1989-10-08,sharad_navratri,Sharad Navratri (day 1),9,9,ashvina
1989-10-29,diwali,Diwali (Lakshmi Puja),1,1,ashvina
1990-02-23,maha_shivaratri,Maha Shivaratri,1,1,magha
1990-03-27,chaitra_navratri,Chaitra Navratri (day 1),1,9,chaitra
1990-03-28,chaitra_navratri,Chaitra Navratri (day 1),2,9,chaitra
1990-03-29,chaitra_navratri,Chaitra Navratri (day 1),3,9,chaitra
1990-03-30,chaitra_navratri,Chaitra Navratri (day 1),4,9,chaitra
1990-03-31,chaitra_navratri,Chaitra Navratri (day 1),5,9,chaitra
1990-04-01,chaitra_navratri,Chaitra Navratri (day 1),6,9,chaitra
1990-04-02,chaitra_navratri,Chaitra Navratri (day 1),7,9,chaitra
1990-04-03,chaitra_navratri,Chaitra Navratri (day 1),8,9,chaitra
1990-04-04,chaitra_navratri,Chaitra Navratri (day 1),9,9,chaitra
1990-08-06,raksha_bandhan,Raksha Bandhan,1,1,shravana
1990-09-20,sharad_navratri,Sharad Navratri (day 1),1,9,ashvina
1990-09-21,sharad_navratri,Sharad Navratri (day 1),2,9,ashvina
1990-09-22,sharad_navratri,Sharad Navratri (day 1),3,9,ashvina
1990-09-23,sharad_navratri,Sharad Navratri (day 1),4,9,ashvina
1990-09-24,sharad_navratri,Sharad Navratri (day 1),5,9,ashvina
1990-09-25,sharad_navratri,Sharad Navratri (day 1),6,9,ashvina
1990-09-26,sharad_navratri,Sharad Navratri (day 1),7,9,ashvina
1990-09-27,sharad_navratri,Sharad Navratri (day 1),8,9,ashvina
1990-09-28,sharad_navratri,Sharad Navratri (day 1),9,9,ashvina
1990-10-18,diwali,Diwali (Lakshmi Puja),1,1,ashvina
1991-02-12,maha_shivaratri,Maha Shivaratri,1,1,magha
1991-03-17,chaitra_navratri,Chaitra Navratri (day 1),1,9,chaitra
1991-03-18,chaitra_navratri,Chaitra Navratri (day 1),2,9,chaitra
1991-03-19,chaitra_navratri,Chaitra Navratri (day 1),3,9,chaitra
1991-03-20,chaitra_navratri,Chaitra Navratri (day 1),4,9,chaitra
1991-03-21,chaitra_navratri,Chaitra Navratri (day 1),5,9,chaitra
1991-03-22,chaitra_navratri,Chaitra Navratri (day 1),6,9,chaitra
1991-03-23,chaitra_navratri,Chaitra Navratri (day 1),7,9,chaitra
1991-03-24,chaitra_navratri,Chaitra Navratri (day 1),8,9,chaitra
1991-03-25,chaitra_navratri,Chaitra Navratri (day 1),9,9,chaitra
1991-08-25,raksha_bandhan,Raksha Bandhan,1,1,shravana
1991-10-08,sharad_navratri,Sharad Navratri (day 1),1,9,ashvina
1991-10-09,sharad_navratri,Sharad Navratri (day 1),2,9,ashvina
1991-10-10,sharad_navratri,Sharad Navratri (day 1),3,9,ashvina
1991-10-11,sharad_navratri,Sharad Navratri (day 1),4,9,ashvina
1991-10-12,sharad_navratri,Sharad Navratri (day 1),5,9,ashvina
1991-10-13,sharad_navratri,Sharad Navratri (day 1),6,9,ashvina
1991-10-14,sharad_navratri,Sharad Navratri (day 1),7,9,ashvina
1991-10-15,sharad_navratri,Sharad Navratri (day 1),8,9,ashvina
1991-10-16,sharad_navratri,Sharad Navratri (day 1),9,9,ashvina
1991-11-05,diwali,Diwali (Lakshmi Puja),1,1,ashvina
1992-03-02,maha_shivaratri,Maha Shivaratri,1,1,magha
1992-04-04,chaitra_navratri,Chaitra Navratri (day 1),1,9,chaitra
1992-04-05,chaitra_navratri,Chaitra Navratri (day 1),2,9,chaitra
1992-04-06,chaitra_navratri,Chaitra Navratri (day 1),3,9,chaitra
1992-04-07,chaitra_navratri,Chaitra Navratri (day 1),4,9,chaitra
1992-04-08,chaitra_navratri,Chaitra Navratri (day 1),5,9,chaitra
1992-04-09,chaitra_navratri,Chaitra Navratri (day 1),6,9,chaitra
1992-04-10,chaitra_navratri,Chaitra Navratri (day 1),7,9,chaitra
1992-04-11,chaitra_navratri,Chaitra Navratri (day 1),8,9,chaitra
1992-04-12,chaitra_navratri,Chaitra Navratri (day 1),9,9,chaitra
1992-08-13,raksha_bandhan,Raksha Bandhan,1,1,shravana
1992-09-27,sharad_navratri,Sharad Navratri (day 1),1,9,ashvina
1992-09-28,sharad_navratri,Sharad Navratri (day 1),2,9,ashvina
1992-09-29,sharad_navratri,Sharad Navratri (day 1),3,9,ashvina
1992-09-30,sharad_navratri,Sharad Navratri (day 1),4,9,ashvina
1992-10-01,sharad_navratri,Sharad Navratri (day 1),5,9,ashvina
1992-10-02,sharad_navratri,Sharad Navratri (day 1),6,9,ashvina
1992-10-03,sharad_navratri,Sharad Navratri (day 1),7,9,ashvina
1992-10-04,sharad_navratri,Sharad Navratri (day 1),8,9,ashvina
1992-10-05,sharad_navratri,Sharad Navratri (day 1),9,9,ashvina
1992-10-25,diwali,Diwali (Lakshmi Puja),1,1,ashvina
1993-02-19,maha_shivaratri,Maha Shivaratri,1,1,magha
1993-03-24,chaitra_navratri,Chaitra Navratri (day 1),1,9,chaitra
1993-03-25,chaitra_navratri,Chaitra Navratri (day 1),2,9,chaitra
1993-03-26,chaitra_navratri,Chaitra Navratri (day 1),3,9,chaitra
1993-03-27,chaitra_navratri,Chaitra Navratri (day 1),4,9,chaitra
1993-03-28,chaitra_navratri,Chaitra Navratri (day 1),5,9,chaitra
1993-03-29,chaitra_navratri,Chaitra Navratri (day 1),6,9,chaitra
1993-03-30,chaitra_navratri,Chaitra Navratri (day 1),7,9,chaitra
1993-03-31,chaitra_navratri,Chaitra Navratri (day 1),8,9,chaitra
1993-04-01,chaitra_navratri,Chaitra Navratri (day 1),9,9,chaitra
1993-08-02,raksha_bandhan,Raksha Bandhan,1,1,shravana
1993-10-16,sharad_navratri,Sharad Navratri (day 1),1,9,ashvina
1993-10-17,sharad_navratri,Sharad Navratri (day 1),2,9,ashvina
1993-10-18,sharad_navratri,Sharad Navratri (day 1),3,9,ashvina
1993-10-19,sharad_navratri,Sharad Navratri (day 1),4,9,ashvina
1993-10-20,sharad_navratri,Sharad Navratri (day 1),5,9,ashvina
1993-10-21,sharad_navratri,Sharad Navratri (day 1),6,9,ashvina
1993-10-22,sharad_navratri,Sharad Navratri (day 1),7,9,ashvina
1993-10-23,sharad_navratri,Sharad Navratri (day 1),8,9,ashvina
1993-10-24,sharad_navratri,Sharad Navratri (day 1),9,9,ashvina
1993-11-13,diwali,Diwali (Lakshmi Puja),1,1,ashvina
1994-03-10,maha_shivaratri,Maha Shivaratri,1,1,magha
1994-04-11,chaitra_navratri,Chaitra Navratri (day 1),1,9,chaitra
1994-04-12,chaitra_navratri,Chaitra Navratri (day 1),2,9,chaitra
1994-04-13,chaitra_navratri,Chaitra Navratri (day 1),3,9,chaitra
1994-04-14,chaitra_navratri,Chaitra Navratri (day 1),4,9,chaitra
1994-04-15,chaitra_navratri,Chaitra Navratri (day 1),5,9,chaitra
1994-04-16,chaitra_navratri,Chaitra Navratri (day 1),6,9,chaitra
1994-04-17,chaitra_navratri,Chaitra Navratri (day 1),7,9,chaitra
1994-04-18,chaitra_navratri,Chaitra Navratri (day 1),8,9,chaitra
1994-04-19,chaitra_navratri,Chaitra Navratri (day 1),9,9,chaitra
1994-08-21,raksha_bandhan,Raksha Bandhan,1,1,shravana
1994-10-06,sharad_navratri,Sharad Navratri (day 1),1,9,ashvina
1994-10-07,sharad_navratri,Sharad Navratri (day 1),2,9,ashvina
1994-10-08,sharad_navratri,Sharad Navratri (day 1),3,9,ashvina
1994-10-09,sharad_navratri,Sharad Navratri (day 1),4,9,ashvina
1994-10-10,sharad_navratri,Sharad Navratri (day 1),5,9,ashvina
1994-10-11,sharad_navratri,Sharad Navratri (day 1),6,9,ashvina
1994-10-12,sharad_navratri,Sharad Navratri (day 1),7,9,ashvina
1994-10-13,sharad_navratri,Sharad Navratri (day 1),8,9,ashvina
1994-10-14,sharad_navratri,Sharad Navratri (day 1),9,9,ashvina
1994-11-03,diwali,Diwali (Lakshmi Puja),1,1,ashvina
1995-02-27,maha_shivaratri,Maha Shivaratri,1,1,magha
1995-04-01,chaitra_navratri,Chaitra Navratri (day 1),1,9,chaitra
1995-04-02,chaitra_navratri,Chaitra Navratri (day 1),2,9,chaitra
1995-04-03,chaitra_navratri,Chaitra Navratri (day 1),3,9,chaitra
1995-04-04,chaitra_navratri,Chaitra Navratri (day 1),4,9,chaitra
1995-04-05,chaitra_navratri,Chaitra Navratri (day 1),5,9,chaitra
1995-04-06,chaitra_navratri,Chaitra Navratri (day 1),6,9,chaitra
1995-04-07,chaitra_navratri,Chaitra Navratri (day 1),7,9,chaitra
1995-04-08,chaitra_navratri,Chaitra Navratri (day 1),8,9,chaitra
1995-04-09,chaitra_navratri,Chaitra Navratri (day 1),9,9,chaitra
1995-08-10,raksha_bandhan,Raksha Bandhan,1,1,shravana
1995-09-25,sharad_navratri,Sharad Navratri (day 1),1,9,ashvina
1995-09-26,sharad_navratri,Sharad Navratri (day 1),2,9,ashvina
1995-09-27,sharad_navratri,Sharad Navratri (day 1),3,9,ashvina
1995-09-28,sharad_navratri,Sharad Navratri (day 1),4,9,ashvina
1995-09-29,sharad_navratri,Sharad Navratri (day 1),5,9,ashvina
1995-09-30,sharad_navratri,Sharad Navratri (day 1),6,9,ashvina
1995-10-01,sharad_navratri,Sharad Navratri (day 1),7,9,ashvina
1995-10-02,sharad_navratri,Sharad Navratri (day 1),8,9,ashvina
1995-10-03,sharad_navratri,Sharad Navratri (day 1),9,9,ashvina
1995-10-23,diwali,Diwali (Lakshmi Puja),1,1,ashvina
1996-02-17,maha_shivaratri,Maha Shivaratri,1,1,magha
1996-03-20,chaitra_navratri,Chaitra Navratri (day 1),1,9,chaitra
1996-03-21,chaitra_navratri,Chaitra Navratri (day 1),2,9,chaitra
1996-03-22,chaitra_navratri,Chaitra Navratri (day 1),3,9,chaitra
1996-03-23,chaitra_navratri,Chaitra Navratri (day 1),4,9,chaitra
1996-03-24,chaitra_navratri,Chaitra Navratri (day 1),5,9,chaitra
1996-03-25,chaitra_navratri,Chaitra Navratri (day 1),6,9,chaitra
1996-03-26,chaitra_navratri,Chaitra Navratri (day 1),7,9,chaitra
1996-03-27,chaitra_navratri,Chaitra Navratri (day 1),8,9,chaitra
1996-03-28,chaitra_navratri,Chaitra Navratri (day 1),9,9,chaitra
1996-08-28,raksha_bandhan,Raksha Bandhan,1,1,shravana
1996-10-13,sharad_navratri,Sharad Navratri (day 1),1,9,ashvina
1996-10-14,sharad_navratri,Sharad Navratri (day 1),2,9,ashvina
1996-10-15,sharad_navratri,Sharad Navratri (day 1),3,9,ashvina
1996-10-16,sharad_navratri,Sharad Navratri (day 1),4,9,ashvina
1996-10-17,sharad_navratri,Sharad Navratri (day 1),5,9,ashvina
1996-10-18,sharad_navratri,Sharad Navratri (day 1),6,9,ashvina
1996-10-19,sharad_navratri,Sharad Navratri (day 1),7,9,ashvina
1996-10-20,sharad_navratri,Sharad Navratri (day 1),8,9,ashvina
1996-10-21,sharad_navratri,Sharad Navratri (day 1),9,9,ashvina
1996-11-10,diwali,Diwali (Lakshmi Puja),1,1,ashvina
1997-03-07,maha_shivaratri,Maha Shivaratri,1,1,magha
1997-04-08,chaitra_navratri,Chaitra Navratri (day 1),1,9,chaitra
1997-04-09,chaitra_navratri,Chaitra Navratri (day 1),2,9,chaitra
1997-04-10,chaitra_navratri,Chaitra Navratri (day 1),3,9,chaitra
1997-04-11,chaitra_navratri,Chaitra Navratri (day 1),4,9,chaitra
1997-04-12,chaitra_navratri,Chaitra Navratri (day 1),5,9,chaitra
1997-04-13,chaitra_navratri,Chaitra Navratri (day 1),6,9,chaitra
1997-04-14,chaitra_navratri,Chaitra Navratri (day 1),7,9,chaitra
1997-04-15,chaitra_navratri,Chaitra Navratri (day 1),8,9,chaitra
1997-04-16,chaitra_navratri,Chaitra Navratri (day 1),9,9,chaitra
1997-08-18,raksha_bandhan,Raksha Bandhan,1,1,shravana
1997-10-02,sharad_navratri,Sharad Navratri (day 1),1,9,ashvina
1997-10-03,sharad_navratri,Sharad Navratri (day 1),2,9,ashvina
1997-10-04,sharad_navratri,Sharad Navratri (day 1),3,9,ashvina
1997-10-05,sharad_navratri,Sharad Navratri (day 1),4,9,ashvina
1997-10-06,sharad_navratri,Sharad Navratri (day 1),5,9,ashvina
1997-10-07,sharad_navratri,Sharad Navratri (day 1),6,9,ashvina
1997-10-08,sharad_navratri,Sharad Navratri (day 1),7,9,ashvina
1997-10-09,sharad_navratri,Sharad Navratri (day 1),8,9,ashvina
1997-10-10,sharad_navratri,Sharad Navratri (day 1),9,9,ashvina
1997-10-30,diwali,Diwali (Lakshmi Puja),1,1,ashvina
1998-02-25,maha_shivaratri,Maha Shivaratri,1,1,magha
1998-03-28,chaitra_navratri,Chaitra Navratri (day 1),1,9,chaitra
1998-03-29,chaitra_navratri,Chaitra Navratri (day 1),2,9,chaitra
1998-03-30,chaitra_navratri,Chaitra Navratri (day 1),3,9,chaitra
1998-03-31,chaitra_navratri,Chaitra Navratri (day 1),4,9,chaitra
1998-04-01,chaitra_navratri,Chaitra Navratri (day 1),5,9,chaitra
1998-04-02,chaitra_navratri,Chaitra Navratri (day 1),6,9,chaitra
1998-04-03,chaitra_navratri,Chaitra Navratri (day 1),7,9,chaitra
1998-04-04,chaitra_navratri,Chaitra Navratri (day 1),8,9,chaitra
1998-04-05,chaitra_navratri,Chaitra Navratri (day 1),9,9,chaitra
1998-08-08,raksha_bandhan,Raksha Bandhan,1,1,shravana
1998-09-21,sharad_navratri,Sharad Navratri (day 1),1,9,ashvina
1998-09-22,sharad_navratri,Sharad Navratri (day 1),2,9,ashvina
1998-09-23,sharad_navratri,Sharad Navratri (day 1),3,9,ashvina
1998-09-24,sharad_navratri,Sharad Navratri (day 1),4,9,ashvina
1998-09-25,sharad_navratri,Sharad Navratri (day 1),5,9,ashvina
1998-09-26,sharad_navratri,Sharad Navratri (day 1),6,9,ashvina
1998-09-27,sharad_navratri,Sharad Navratri (day 1),7,9,ashvina
1998-09-28,sharad_navratri,Sharad Navratri (day 1),8,9,ashvina
1998-09-29,sharad_navratri,Sharad Navratri (day 1),9,9,ashvina
1998-10-19,diwali,Diwali (Lakshmi Puja),1,1,ashvina
1999-02-14,maha_shivaratri,Maha Shivaratri,1,1,magha
1999-03-18,chaitra_navratri,Chaitra Navratri (day 1),1,9,chaitra
1999-03-19,chaitra_navratri,Chaitra Navratri (day 1),2,9,chaitra
1999-03-20,chaitra_navratri,Chaitra Navratri (day 1),3,9,chaitra
1999-03-21,chaitra_navratri,Chaitra Navratri (day 1),4,9,chaitra
1999-03-22,chaitra_navratri,Chaitra Navratri (day 1),5,9,chaitra
1999-03-23,chaitra_navratri,Chaitra Navratri (day 1),6,9,chaitra
1999-03-24,chaitra_navratri,Chaitra Navratri (day 1),7,9,chaitra
1999-03-25,chaitra_navratri,Chaitra Navratri (day 1),8,9,chaitra
1999-03-26,chaitra_navratri,Chaitra Navratri (day 1),9,9,chaitra
1999-08-26,raksha_bandhan,Raksha Bandhan,1,1,shravana
1999-10-10,sharad_navratri,Sharad Navratri (day 1),1,9,ashvina
1999-10-11,sharad_navratri,Sharad Navratri (day 1),2,9,ashvina
1999-10-12,sharad_navratri,Sharad Navratri (day 1),3,9,ashvina
1999-10-13,sharad_navratri,Sharad Navratri (day 1),4,9,ashvina
1999-10-14,sharad_navratri,Sharad Navratri (day 1),5,9,ashvina
1999-10-15,sharad_navratri,Sharad Navratri (day 1),6,9,ashvina
1999-10-16,sharad_navratri,Sharad Navratri (day 1),7,9,ashvina
1999-10-17,sharad_navratri,Sharad Navratri (day 1),8,9,ashvina
1999-10-18,sharad_navratri,Sharad Navratri (day 1),9,9,ashvina
1999-11-07,diwali,Diwali (Lakshmi Puja),1,1,ashvina
2000-03-04,maha_shivaratri,Maha Shivaratri,1,1,magha
2000-04-05,chaitra_navratri,Chaitra Navratri (day 1),1,9,chaitra
2000-04-06,chaitra_navratri,Chaitra Navratri (day 1),2,9,chaitra
2000-04-07,chaitra_navratri,Chaitra Navratri (day 1),3,9,chaitra
2000-04-08,chaitra_navratri,Chaitra Navratri (day 1),4,9,chaitra
2000-04-09,chaitra_navratri,Chaitra Navratri (day 1),5,9,chaitra
2000-04-10,chaitra_navratri,Chaitra Navratri (day 1),6,9,chaitra
2000-04-11,chaitra_navratri,Chaitra Navratri (day 1),7,9,chaitra
2000-04-12,chaitra_navratri,Chaitra Navratri (day 1),8,9,chaitra
2000-04-13,chaitra_navratri,Chaitra Navratri (day 1),9,9,chaitra
2000-08-15,raksha_bandhan,Raksha Bandhan,1,1,shravana
2000-09-28,sharad_navratri,Sharad Navratri (day 1),1,9,ashvina
2000-09-29,sharad_navratri,Sharad Navratri (day 1),2,9,ashvina
2000-09-30,sharad_navratri,Sharad Navratri (day 1),3,9,ashvina
2000-10-01,sharad_navratri,Sharad Navratri (day 1),4,9,ashvina
2000-10-02,sharad_navratri,Sharad Navratri (day 1),5,9,ashvina
2000-10-03,sharad_navratri,Sharad Navratri (day 1),6,9,ashvina
2000-10-04,sharad_navratri,Sharad Navratri (day 1),7,9,ashvina
2000-10-05,sharad_navratri,Sharad Navratri (day 1),8,9,ashvina
2000-10-06,sharad_navratri,Sharad Navratri (day 1),9,9,ashvina
2000-10-26,diwali,Diwali (Lakshmi Puja),1,1,ashvina
2001-02-21,maha_shivaratri,Maha Shivaratri,1,1,magha
2001-03-26,chaitra_navratri,Chaitra Navratri (day 1),1,9,chaitra
2001-03-27,chaitra_navratri,Chaitra Navratri (day 1),2,9,chaitra
2001-03-28,chaitra_navratri,Chaitra Navratri (day 1),3,9,chaitra
2001-03-29,chaitra_navratri,Chaitra Navratri (day 1),4,9,chaitra
2001-03-30,chaitra_navratri,Chaitra Navratri (day 1),5,9,chaitra
2001-03-31,chaitra_navratri,Chaitra Navratri (day 1),6,9,chaitra
2001-04-01,chaitra_navratri,Chaitra Navratri (day 1),7,9,chaitra
2001-04-02,chaitra_navratri,Chaitra Navratri (day 1),8,9,chaitra
2001-04-03,chaitra_navratri,Chaitra Navratri (day 1),9,9,chaitra
2001-08-04,raksha_bandhan,Raksha Bandhan,1,1,shravana
2001-10-17,sharad_navratri,Sharad Navratri (day 1),1,9,ashvina
2001-10-18,sharad_navratri,Sharad Navratri (day 1),2,9,ashvina
2001-10-19,sharad_navratri,Sharad Navratri (day 1),3,9,ashvina
2001-10-20,sharad_navratri,Sharad Navratri (day 1),4,9,ashvina
2001-10-21,sharad_navratri,Sharad Navratri (day 1),5,9,ashvina
2001-10-22,sharad_navratri,Sharad Navratri (day 1),6,9,ashvina
2001-10-23,sharad_navratri,Sharad Navratri (day 1),7,9,ashvina
2001-10-24,sharad_navratri,Sharad Navratri (day 1),8,9,ashvina
2001-10-25,sharad_navratri,Sharad Navratri (day 1),9,9,ashvina
2001-11-14,diwali,Diwali (Lakshmi Puja),1,1,ashvina
2002-03-12,maha_shivaratri,Maha Shivaratri,1,1,magha
2002-04-13,chaitra_navratri,Chaitra Navratri (day 1),1,9,chaitra
2002-04-14,chaitra_navratri,Chaitra Navratri (day 1),2,9,chaitra
2002-04-15,chaitra_navratri,Chaitra Navratri (day 1),3,9,chaitra
2002-04-16,chaitra_navratri,Chaitra Navratri (day 1),4,9,chaitra
2002-04-17,chaitra_navratri,Chaitra Navratri (day 1),5,9,chaitra
2002-04-18,chaitra_navratri,Chaitra Navratri (day 1),6,9,chaitra
2002-04-19,chaitra_navratri,Chaitra Navratri (day 1),7,9,chaitra
2002-04-20,chaitra_navratri,Chaitra Navratri (day 1),8,9,chaitra
2002-04-21,chaitra_navratri,Chaitra Navratri (day 1),9,9,chaitra
2002-08-22,raksha_bandhan,Raksha Bandhan,1,1,shravana
2002-10-07,sharad_navratri,Sharad Navratri (day 1),1,9,ashvina
2002-10-08,sharad_navratri,Sharad Navratri (day 1),2,9,ashvina
2002-10-09,sharad_navratri,Sharad Navratri (day 1),3,9,ashvina
2002-10-10,sharad_navratri,Sharad Navratri (day 1),4,9,ashvina
2002-10-11,sharad_navratri,Sharad Navratri (day 1),5,9,ashvina
2002-10-12,sharad_navratri,Sharad Navratri (day 1),6,9,ashvina
2002-10-13,sharad_navratri,Sharad Navratri (day 1),7,9,ashvina
2002-10-14,sharad_navratri,Sharad Navratri (day 1),8,9,ashvina
2002-10-15,sharad_navratri,Sharad Navratri (day 1),9,9,ashvina
2002-11-04,diwali,Diwali (Lakshmi Puja),1,1,ashvina
2003-03-01,maha_shivaratri,Maha Shivaratri,1,1,magha
2003-04-02,chaitra_navratri,Chaitra Navratri (day 1),1,9,chaitra
2003-04-03,chaitra_navratri,Chaitra Navratri (day 1),2,9,chaitra
2003-04-04,chaitra_navratri,Chaitra Navratri (day 1),3,9,chaitra
2003-04-05,chaitra_navratri,Chaitra Navratri (day 1),4,9,chaitra
2003-04-06,chaitra_navratri,Chaitra Navratri (day 1),5,9,chaitra
2003-04-07,chaitra_navratri,Chaitra Navratri (day 1),6,9,chaitra
2003-04-08,chaitra_navratri,Chaitra Navratri (day 1),7,9,chaitra
2003-04-09,chaitra_navratri,Chaitra Navratri (day 1),8,9,chaitra
2003-04-10,chaitra_navratri,Chaitra Navratri (day 1),9,9,chaitra
2003-08-12,raksha_bandhan,Raksha Bandhan,1,1,shravana
2003-09-27,sharad_navratri,Sharad Navratri (day 1),1,9,ashvina
2003-09-28,sharad_navratri,Sharad Navratri (day 1),2,9,ashvina
2003-09-29,sharad_navratri,Sharad Navratri (day 1),3,9,ashvina
2003-09-30,sharad_navratri,Sharad Navratri (day 1),4,9,ashvina
2003-10-01,sharad_navratri,Sharad Navratri (day 1),5,9,ashvina
2003-10-02,sharad_navratri,Sharad Navratri (day 1),6,9,ashvina
2003-10-03,sharad_navratri,Sharad Navratri (day 1),7,9,ashvina
2003-10-04,sharad_navratri,Sharad Navratri (day 1),8,9,ashvina
2003-10-05,sharad_navratri,Sharad Navratri (day 1),9,9,ashvina
2003-10-25,diwali,Diwali (Lakshmi Puja),1,1,ashvina
2004-02-18,maha_shivaratri,Maha Shivaratri,1,1,magha
2004-03-21,chaitra_navratri,Chaitra Navratri (day 1),1,9,chaitra
2004-03-22,chaitra_navratri,Chaitra Navratri (day 1),2,9,chaitra
2004-03-23,chaitra_navratri,Chaitra Navratri (day 1),3,9,chaitra
2004-03-24,chaitra_navratri,Chaitra Navratri (day 1),4,9,chaitra
2004-03-25,chaitra_navratri,Chaitra Navratri (day 1),5,9,chaitra
2004-03-26,chaitra_navratri,Chaitra Navratri (day 1),6,9,chaitra
2004-03-27,chaitra_navratri,Chaitra Navratri (day 1),7,9,chaitra
2004-03-28,chaitra_navratri,Chaitra Navratri (day 1),8,9,chaitra
2004-03-29,chaitra_navratri,Chaitra Navratri (day 1),9,9,chaitra
2004-08-30,raksha_bandhan,Raksha Bandhan,1,1,shravana
2004-10-15,sharad_navratri,Sharad Navratri (day 1),1,9,ashvina
2004-10-16,sharad_navratri,Sharad Navratri (day 1),2,9,ashvina
2004-10-17,sharad_navratri,Sharad Navratri (day 1),3,9,ashvina
2004-10-18,sharad_navratri,Sharad Navratri (day 1),4,9,ashvina
2004-10-19,sharad_navratri,Sharad Navratri (day 1),5,9,ashvina
2004-10-20,sharad_navratri,Sharad Navratri (day 1),6,9,ashvina
2004-10-21,sharad_navratri,Sharad Navratri (day 1),7,9,ashvina
2004-10-22,sharad_navratri,Sharad Navratri (day 1),8,9,ashvina
2004-10-23,sharad_navratri,Sharad Navratri (day 1),9,9,ashvina
2004-11-12,diwali,Diwali (Lakshmi Puja),1,1,ashvina
2005-03-08,maha_shivaratri,Maha Shivaratri,1,1,magha
2005-04-09,chaitra_navratri,Chaitra Navratri (day 1),1,9,chaitra
2005-04-10,chaitra_navratri,Chaitra Navratri (day 1),2,9,chaitra
2005-04-11,chaitra_navratri,Chaitra Navratri (day 1),3,9,chaitra
2005-04-12,chaitra_navratri,Chaitra Navratri (day 1),4,9,chaitra
2005-04-13,chaitra_navratri,Chaitra Navratri (day 1),5,9,chaitra
2005-04-14,chaitra_navratri,Chaitra Navratri (day 1),6,9,chaitra
2005-04-15,chaitra_navratri,Chaitra Navratri (day 1),7,9,chaitra
2005-04-16,chaitra_navratri,Chaitra Navratri (day 1),8,9,chaitra
2005-04-17,chaitra_navratri,Chaitra Navratri (day 1),9,9,chaitra
2005-08-19,raksha_bandhan,Raksha Bandhan,1,1,shravana
2005-10-04,sharad_navratri,Sharad Navratri (day 1),1,9,ashvina
2005-10-05,sharad_navratri,Sharad Navratri (day 1),2,9,ashvina
2005-10-06,sharad_navratri,Sharad Navratri (day 1),3,9,ashvina
2005-10-07,sharad_navratri,Sharad Navratri (day 1),4,9,ashvina
2005-10-08,sharad_navratri,Sharad Navratri (day 1),5,9,ashvina
2005-10-09,sharad_navratri,Sharad Navratri (day 1),6,9,ashvina
2005-10-10,sharad_navratri,Sharad Navratri (day 1),7,9,ashvina
2005-10-11,sharad_navratri,Sharad Navratri (day 1),8,9,ashvina
2005-10-12,sharad_navratri,Sharad Navratri (day 1),9,9,ashvina
2005-11-01,diwali,Diwali (Lakshmi Puja),1,1,ashvina
2006-02-26,maha_shivaratri,Maha Shivaratri,1,1,magha
2006-03-30,chaitra_navratri,Chaitra Navratri (day 1),1,9,chaitra
2006-03-31,chaitra_navratri,Chaitra Navratri (day 1),2,9,chaitra
2006-04-01,chaitra_navratri,Chaitra Navratri (day 1),3,9,chaitra
2006-04-02,chaitra_navratri,Chaitra Navratri (day 1),4,9,chaitra
2006-04-03,chaitra_navratri,Chaitra Navratri (day 1),5,9,chaitra
2006-04-04,chaitra_navratri,Chaitra Navratri (day 1),6,9,chaitra
2006-04-05,chaitra_navratri,Chaitra Navratri (day 1),7,9,chaitra
2006-04-06,chaitra_navratri,Chaitra Navratri (day 1),8,9,chaitra
2006-04-07,chaitra_navratri,Chaitra Navratri (day 1),9,9,chaitra
2006-08-09,raksha_bandhan,Raksha Bandhan,1,1,shravana
2006-09-23,sharad_navratri,Sharad Navratri (day 1),1,9,ashvina
2006-09-24,sharad_navratri,Sharad Navratri (day 1),2,9,ashvina
2006-09-25,sharad_navratri,Sharad Navratri (day 1),3,9,ashvina
2006-09-26,sharad_navratri,Sharad Navratri (day 1),4,9,ashvina
2006-09-27,sharad_navratri,Sharad Navratri (day 1),5,9,ashvina
2006-09-28,sharad_navratri,Sharad Navratri (day 1),6,9,ashvina
2006-09-29,sharad_navratri,Sharad Navratri (day 1),7,9,ashvina
2006-09-30,sharad_navratri,Sharad Navratri (day 1),8,9,ashvina
2006-10-01,sharad_navratri,Sharad Navratri (day 1),9,9,ashvina
2006-10-21,diwali,Diwali (Lakshmi Puja),1,1,ashvina
2007-02-16,maha_shivaratri,Maha Shivaratri,1,1,magha
2007-03-19,chaitra_navratri,Chaitra Navratri (day 1),1,9,chaitra
2007-03-20,chaitra_navratri,Chaitra Navratri (day 1),2,9,chaitra
2007-03-21,chaitra_navratri,Chaitra Navratri (day 1),3,9,chaitra
2007-03-22,chaitra_navratri,Chaitra Navratri (day 1),4,9,chaitra
2007-03-23,chaitra_navratri,Chaitra Navratri (day 1),5,9,chaitra
2007-03-24,chaitra_navratri,Chaitra Navratri (day 1),6,9,chaitra
2007-03-25,chaitra_navratri,Chaitra Navratri (day 1),7,9,chaitra
2007-03-26,chaitra_navratri,Chaitra Navratri (day 1),8,9,chaitra
2007-03-27,chaitra_navratri,Chaitra Navratri (day 1),9,9,chaitra
2007-08-28,raksha_bandhan,Raksha Bandhan,1,1,shravana
2007-10-12,sharad_navratri,Sharad Navratri (day 1),1,9,ashvina
2007-10-13,sharad_navratri,Sharad Navratri (day 1),2,9,ashvina
2007-10-14,sharad_navratri,Sharad Navratri (day 1),3,9,ashvina
2007-10-15,sharad_navratri,Sharad Navratri (day 1),4,9,ashvina
2007-10-16,sharad_navratri,Sharad Navratri (day 1),5,9,ashvina
2007-10-17,sharad_navratri,Sharad Navratri (day 1),6,9,ashvina
2007-10-18,sharad_navratri,Sharad Navratri (day 1),7,9,ashvina
2007-10-19,sharad_navratri,Sharad Navratri (day 1),8,9,ashvina
2007-10-20,sharad_navratri,Sharad Navratri (day 1),9,9,ashvina
2007-11-09,diwali,Diwali (Lakshmi Puja),1,1,ashvina
2008-03-06,maha_shivaratri,Maha Shivaratri,1,1,magha
2008-04-07,chaitra_navratri,Chaitra Navratri (day 1),1,9,chaitra
2008-04-08,chaitra_navratri,Chaitra Navratri (day 1),2,9,chaitra
2008-04-09,chaitra_navratri,Chaitra Navratri (day 1),3,9,chaitra
2008-04-10,chaitra_navratri,Chaitra Navratri (day 1),4,9,chaitra
2008-04-11,chaitra_navratri,Chaitra Navratri (day 1),5,9,chaitra
2008-04-12,chaitra_navratri,Chaitra Navratri (day 1),6,9,chaitra
2008-04-13,chaitra_navratri,Chaitra Navratri (day 1),7,9,chaitra
2008-04-14,chaitra_navratri,Chaitra Navratri (day 1),8,9,chaitra
2008-04-15,chaitra_navratri,Chaitra Navratri (day 1),9,9,chaitra
2008-08-16,raksha_bandhan,Raksha Bandhan,1,1,shravana
2008-09-30,sharad_navratri,Sharad Navratri (day 1),1,9,ashvina
2008-10-01,sharad_navratri,Sharad Navratri (day 1),2,9,ashvina
2008-10-02,sharad_navratri,Sharad Navratri (day 1),3,9,ashvina
2008-10-03,sharad_navratri,Sharad Navratri (day 1),4,9,ashvina
2008-10-04,sharad_navratri,Sharad Navratri (day 1),5,9,ashvina
2008-10-05,sharad_navratri,Sharad Navratri (day 1),6,9,ashvina
2008-10-06,sharad_navratri,Sharad Navratri (day 1),7,9,ashvina
2008-10-07,sharad_navratri,Sharad Navratri (day 1),8,9,ashvina
2008-10-08,sharad_navratri,Sharad Navratri (day 1),9,9,ashvina
2008-10-28,diwali,Diwali (Lakshmi Puja),1,1,ashvina
2009-02-23,maha_shivaratri,Maha Shivaratri,1,1,magha
2009-03-27,chaitra_navratri,Chaitra Navratri (day 1),1,9,chaitra
2009-03-28,chaitra_navratri,Chaitra Navratri (day 1),2,9,chaitra
2009-03-29,chaitra_navratri,Chaitra Navratri (day 1),3,9,chaitra
2009-03-30,chaitra_navratri,Chaitra Navratri (day 1),4,9,chaitra
2009-03-31,chaitra_navratri,Chaitra Navratri (day 1),5,9,chaitra
2009-04-01,chaitra_navratri,Chaitra Navratri (day 1),6,9,chaitra
2009-04-02,chaitra_navratri,Chaitra Navratri (day 1),7,9,chaitra
2009-04-03,chaitra_navratri,Chaitra Navratri (day 1),8,9,chaitra
2009-04-04,chaitra_navratri,Chaitra Navratri (day 1),9,9,chaitra
2009-08-05,raksha_bandhan,Raksha Bandhan,1,1,shravana
2009-09-19,sharad_navratri,Sharad Navratri (day 1),1,9,ashvina
2009-09-20,sharad_navratri,Sharad Navratri (day 1),2,9,ashvina
2009-09-21,sharad_navratri,Sharad Navratri (day 1),3,9,ashvina
2009-09-22,sharad_navratri,Sharad Navratri (day 1),4,9,ashvina
2009-09-23,sharad_navratri,Sharad Navratri (day 1),5,9,ashvina
2009-09-24,sharad_navratri,Sharad Navratri (day 1),6,9,ashvina
2009-09-25,sharad_navratri,Sharad Navratri (day 1),7,9,ashvina
2009-09-26,sharad_navratri,Sharad Navratri (day 1),8,9,ashvina
2009-09-27,sharad_navratri,Sharad Navratri (day 1),9,9,ashvina
2009-10-17,diwali,Diwali (Lakshmi Puja),1,1,ashvina
2010-02-12,maha_shivaratri,Maha Shivaratri,1,1,magha
2010-03-16,chaitra_navratri,Chaitra Navratri (day 1),1,9,chaitra
2010-03-17,chaitra_navratri,Chaitra Navratri (day 1),2,9,chaitra
2010-03-18,chaitra_navratri,Chaitra Navratri (day 1),3,9,chaitra
2010-03-19,chaitra_navratri,Chaitra Navratri (day 1),4,9,chaitra
2010-03-20,chaitra_navratri,Chaitra Navratri (day 1),5,9,chaitra
2010-03-21,chaitra_navratri,Chaitra Navratri (day 1),6,9,chaitra
2010-03-22,chaitra_navratri,Chaitra Navratri (day 1),7,9,chaitra
2010-03-23,chaitra_navratri,Chaitra Navratri (day 1),8,9,chaitra
2010-03-24,chaitra_navratri,Chaitra Navratri (day 1),9,9,chaitra
2010-08-24,raksha_bandhan,Raksha Bandhan,1,1,shravana
2010-10-08,sharad_navratri,Sharad Navratri (day 1),1,9,ashvina
2010-10-09,sharad_navratri,Sharad Navratri (day 1),2,9,ashvina
2010-10-10,sharad_navratri,Sharad Navratri (day 1),3,9,ashvina
2010-10-11,sharad_navratri,Sharad Navratri (day 1),4,9,ashvina
2010-10-12,sharad_navratri,Sharad Navratri (day 1),5,9,ashvina
2010-10-13,sharad_navratri,Sharad Navratri (day 1),6,9,ashvina
2010-10-14,sharad_navratri,Sharad Navratri (day 1),7,9,ashvina
2010-10-15,sharad_navratri,Sharad Navratri (day 1),8,9,ashvina
2010-10-16,sharad_navratri,Sharad Navratri (day 1),9,9,ashvina
2010-11-05,diwali,Diwali (Lakshmi Puja),1,1,ashvina
2011-03-02,maha_shivaratri,Maha Shivaratri,1,1,magha
2011-04-04,chaitra_navratri,Chaitra Navratri (day 1),1,9,chaitra
2011-04-05,chaitra_navratri,Chaitra Navratri (day 1),2,9,chaitra
2011-04-06,chaitra_navratri,Chaitra Navratri (day 1),3,9,chaitra
2011-04-07,chaitra_navratri,Chaitra Navratri (day 1),4,9,chaitra
2011-04-08,chaitra_navratri,Chaitra Navratri (day 1),5,9,chaitra
2011-04-09,chaitra_navratri,Chaitra Navratri (day 1),6,9,chaitra
2011-04-10,chaitra_navratri,Chaitra Navratri (day 1),7,9,chaitra
2011-04-11,chaitra_navratri,Chaitra Navratri (day 1),8,9,chaitra
2011-04-12,chaitra_navratri,Chaitra Navratri (day 1),9,9,chaitra
2011-08-13,raksha_bandhan,Raksha Bandhan,1,1,shravana
2011-09-28,sharad_navratri,Sharad Navratri (day 1),1,9,ashvina
2011-09-29,sharad_navratri,Sharad Navratri (day 1),2,9,ashvina
2011-09-30,sharad_navratri,Sharad Navratri (day 1),3,9,ashvina
2011-10-01,sharad_navratri,Sharad Navratri (day 1),4,9,ashvina
2011-10-02,sharad_navratri,Sharad Navratri (day 1),5,9,ashvina
2011-10-03,sharad_navratri,Sharad Navratri (day 1),6,9,ashvina
2011-10-04,sharad_navratri,Sharad Navratri (day 1),7,9,ashvina
2011-10-05,sharad_navratri,Sharad Navratri (day 1),8,9,ashvina
2011-10-06,sharad_navratri,Sharad Navratri (day 1),9,9,ashvina
2011-10-26,diwali,Diwali (Lakshmi Puja),1,1,ashvina
2012-02-20,maha_shivaratri,Maha Shivaratri,1,1,magha
2012-03-23,chaitra_navratri,Chaitra Navratri (day 1),1,9,chaitra
2012-03-24,chaitra_navratri,Chaitra Navratri (day 1),2,9,chaitra
2012-03-25,chaitra_navratri,Chaitra Navratri (day 1),3,9,chaitra
2012-03-26,chaitra_navratri,Chaitra Navratri (day 1),4,9,chaitra
2012-03-27,chaitra_navratri,Chaitra Navratri (day 1),5,9,chaitra
2012-03-28,chaitra_navratri,Chaitra Navratri (day 1),6,9,chaitra
2012-03-29,chaitra_navratri,Chaitra Navratri (day 1),7,9,chaitra
2012-03-30,chaitra_navratri,Chaitra Navratri (day 1),8,9,chaitra
2012-03-31,chaitra_navratri,Chaitra Navratri (day 1),9,9,chaitra
2012-08-02,raksha_bandhan,Raksha Bandhan,1,1,shravana
2012-10-16,sharad_navratri,Sharad Navratri (day 1),1,9,ashvina
2012-10-17,sharad_navratri,Sharad Navratri (day 1),2,9,ashvina
2012-10-18,sharad_navratri,Sharad Navratri (day 1),3,9,ashvina
2012-10-19,sharad_navratri,Sharad Navratri (day 1),4,9,ashvina
2012-10-20,sharad_navratri,Sharad Navratri (day 1),5,9,ashvina
2012-10-21,sharad_navratri,Sharad Navratri (day 1),6,9,ashvina
2012-10-22,sharad_navratri,Sharad Navratri (day 1),7,9,ashvina
2012-10-23,sharad_navratri,Sharad Navratri (day 1),8,9,ashvina
2012-10-24,sharad_navratri,Sharad Navratri (day 1),9,9,ashvina
2012-11-13,diwali,Diwali (Lakshmi Puja),1,1,ashvina
2013-03-10,maha_shivaratri,Maha Shivaratri,1,1,magha
2013-04-11,chaitra_navratri,Chaitra Navratri (day 1),1,9,chaitra
2013-04-12,chaitra_navratri,Chaitra Navratri (day 1),2,9,chaitra
2013-04-13,chaitra_navratri,Chaitra Navratri (day 1),3,9,chaitra
2013-04-14,chaitra_navratri,Chaitra Navratri (day 1),4,9,chaitra
2013-04-15,chaitra_navratri,Chaitra Navratri (day 1),5,9,chaitra
2013-04-16,chaitra_navratri,Chaitra Navratri (day 1),6,9,chaitra
2013-04-17,chaitra_navratri,Chaitra Navratri (day 1),7,9,chaitra
2013-04-18,chaitra_navratri,Chaitra Navratri (day 1),8,9,chaitra
2013-04-19,chaitra_navratri,Chaitra Navratri (day 1),9,9,chaitra
2013-08-21,raksha_bandhan,Raksha Bandhan,1,1,shravana
2013-10-05,sharad_navratri,Sharad Navratri (day 1),1,9,ashvina
2013-10-06,sharad_navratri,Sharad Navratri (day 1),2,9,ashvina
2013-10-07,sharad_navratri,Sharad Navratri (day 1),3,9,ashvina
2013-10-08,sharad_navratri,Sharad Navratri (day 1),4,9,ashvina
2013-10-09,sharad_navratri,Sharad Navratri (day 1),5,9,ashvina
2013-10-10,sharad_navratri,Sharad Navratri (day 1),6,9,ashvina
2013-10-11,sharad_navratri,Sharad Navratri (day 1),7,9,ashvina
2013-10-12,sharad_navratri,Sharad Navratri (day 1),8,9,ashvina
2013-10-13,sharad_navratri,Sharad Navratri (day 1),9,9,ashvina
2013-11-03,diwali,Diwali (Lakshmi Puja),1,1,ashvina
2014-02-27,maha_shivaratri,Maha Shivaratri,1,1,magha
2014-03-31,chaitra_navratri,Chaitra Navratri (day 1),1,9,chaitra
2014-04-01,chaitra_navratri,Chaitra Navratri (day 1),2,9,chaitra
2014-04-02,chaitra_navratri,Chaitra Navratri (day 1),3,9,chaitra
2014-04-03,chaitra_navratri,Chaitra Navratri (day 1),4,9,chaitra
2014-04-04,chaitra_navratri,Chaitra Navratri (day 1),5,9,chaitra
2014-04-05,chaitra_navratri,Chaitra Navratri (day 1),6,9,chaitra
2014-04-06,chaitra_navratri,Chaitra Navratri (day 1),7,9,chaitra
2014-04-07,chaitra_navratri,Chaitra Navratri (day 1),8,9,chaitra
2014-04-08,chaitra_navratri,Chaitra Navratri (day 1),9,9,chaitra
2014-08-10,raksha_bandhan,Raksha Bandhan,1,1,shravana
2014-09-25,sharad_navratri,Sharad Navratri (day 1),1,9,ashvina
2014-09-26,sharad_navratri,Sharad Navratri (day 1),2,9,ashvina
2014-09-27,sharad_navratri,Sharad Navratri (day 1),3,9,ashvina
2014-09-28,sharad_navratri,Sharad Navratri (day 1),4,9,ashvina
2014-09-29,sharad_navratri,Sharad Navratri (day 1),5,9,ashvina
2014-09-30,sharad_navratri,Sharad Navratri (day 1),6,9,ashvina
2014-10-01,sharad_navratri,Sharad Navratri (day 1),7,9,ashvina
2014-10-02,sharad_navratri,Sharad Navratri (day 1),8,9,ashvina
2014-10-03,sharad_navratri,Sharad Navratri (day 1),9,9,ashvina
2014-10-23,diwali,Diwali (Lakshmi Puja),1,1,ashvina
2015-02-17,maha_shivaratri,Maha Shivaratri,1,1,magha
2015-03-21,chaitra_navratri,Chaitra Navratri (day 1),1,9,chaitra
2015-03-22,chaitra_navratri,Chaitra Navratri (day 1),2,9,chaitra
2015-03-23,chaitra_navratri,Chaitra Navratri (day 1),3,9,chaitra
2015-03-24,chaitra_navratri,Chaitra Navratri (day 1),4,9,chaitra
2015-03-25,chaitra_navratri,Chaitra Navratri (day 1),5,9,chaitra
2015-03-26,chaitra_navratri,Chaitra Navratri (day 1),6,9,chaitra
2015-03-27,chaitra_navratri,Chaitra Navratri (day 1),7,9,chaitra
2015-03-28,chaitra_navratri,Chaitra Navratri (day 1),8,9,chaitra
2015-03-29,chaitra_navratri,Chaitra Navratri (day 1),9,9,chaitra
2015-08-29,raksha_bandhan,Raksha Bandhan,1,1,shravana
2015-10-13,sharad_navratri,Sharad Navratri (day 1),1,9,ashvina
2015-10-14,sharad_navratri,Sharad Navratri (day 1),2,9,ashvina
2015-10-15,sharad_navratri,Sharad Navratri (day 1),3,9,ashvina
2015-10-16,sharad_navratri,Sharad Navratri (day 1),4,9,ashvina
2015-10-17,sharad_navratri,Sharad Navratri (day 1),5,9,ashvina
2015-10-18,sharad_navratri,Sharad Navratri (day 1),6,9,ashvina
2015-10-19,sharad_navratri,Sharad Navratri (day 1),7,9,ashvina
2015-10-20,sharad_navratri,Sharad Navratri (day 1),8,9,ashvina
2015-10-21,sharad_navratri,Sharad Navratri (day 1),9,9,ashvina
2015-11-11,diwali,Diwali (Lakshmi Puja),1,1,ashvina
2016-03-07,maha_shivaratri,Maha Shivaratri,1,1,magha
2016-04-08,chaitra_navratri,Chaitra Navratri (day 1),1,9,chaitra
2016-04-09,chaitra_navratri,Chaitra Navratri (day 1),2,9,chaitra
2016-04-10,chaitra_navratri,Chaitra Navratri (day 1),3,9,chaitra
2016-04-11,chaitra_navratri,Chaitra Navratri (day 1),4,9,chaitra
2016-04-12,chaitra_navratri,Chaitra Navratri (day 1),5,9,chaitra
2016-04-13,chaitra_navratri,Chaitra Navratri (day 1),6,9,chaitra
2016-04-14,chaitra_navratri,Chaitra Navratri (day 1),7,9,chaitra
2016-04-15,chaitra_navratri,Chaitra Navratri (day 1),8,9,chaitra
2016-04-16,chaitra_navratri,Chaitra Navratri (day 1),9,9,chaitra
2016-08-18,raksha_bandhan,Raksha Bandhan,1,1,shravana
2016-10-01,sharad_navratri,Sharad Navratri (day 1),1,9,ashvina
2016-10-02,sharad_navratri,Sharad Navratri (day 1),2,9,ashvina
2016-10-03,sharad_navratri,Sharad Navratri (day 1),3,9,ashvina
2016-10-04,sharad_navratri,Sharad Navratri (day 1),4,9,ashvina
2016-10-05,sharad_navratri,Sharad Navratri (day 1),5,9,ashvina
2016-10-06,sharad_navratri,Sharad Navratri (day 1),6,9,ashvina
2016-10-07,sharad_navratri,Sharad Navratri (day 1),7,9,ashvina
2016-10-08,sharad_navratri,Sharad Navratri (day 1),8,9,ashvina
2016-10-09,sharad_navratri,Sharad Navratri (day 1),9,9,ashvina
2016-10-30,diwali,Diwali (Lakshmi Puja),1,1,ashvina
2017-02-24,maha_shivaratri,Maha Shivaratri,1,1,magha
2017-03-29,chaitra_navratri,Chaitra Navratri (day 1),1,9,chaitra
2017-03-30,chaitra_navratri,Chaitra Navratri (day 1),2,9,chaitra
2017-03-31,chaitra_navratri,Chaitra Navratri (day 1),3,9,chaitra
2017-04-01,chaitra_navratri,Chaitra Navratri (day 1),4,9,chaitra
2017-04-02,chaitra_navratri,Chaitra Navratri (day 1),5,9,chaitra
2017-04-03,chaitra_navratri,Chaitra Navratri (day 1),6,9,chaitra
2017-04-04,chaitra_navratri,Chaitra Navratri (day 1),7,9,chaitra
2017-04-05,chaitra_navratri,Chaitra Navratri (day 1),8,9,chaitra
2017-04-06,chaitra_navratri,Chaitra Navratri (day 1),9,9,chaitra
2017-08-07,raksha_bandhan,Raksha Bandhan,1,1,shravana
2017-09-21,sharad_navratri,Sharad Navratri (day 1),1,9,ashvina
2017-09-22,sharad_navratri,Sharad Navratri (day 1),2,9,ashvina
2017-09-23,sharad_navratri,Sharad Navratri (day 1),3,9,ashvina
2017-09-24,sharad_navratri,Sharad Navratri (day 1),4,9,ashvina
2017-09-25,sharad_navratri,Sharad Navratri (day 1),5,9,ashvina
2017-09-26,sharad_navratri,Sharad Navratri (day 1),6,9,ashvina
2017-09-27,sharad_navratri,Sharad Navratri (day 1),7,9,ashvina
2017-09-28,sharad_navratri,Sharad Navratri (day 1),8,9,ashvina
2017-09-29,sharad_navratri,Sharad Navratri (day 1),9,9,ashvina
2017-10-19,diwali,Diwali (Lakshmi Puja),1,1,ashvina
2018-02-13,maha_shivaratri,Maha Shivaratri,1,1,magha
2018-03-18,chaitra_navratri,Chaitra Navratri (day 1),1,9,chaitra
2018-03-19,chaitra_navratri,Chaitra Navratri (day 1),2,9,chaitra
2018-03-20,chaitra_navratri,Chaitra Navratri (day 1),3,9,chaitra
2018-03-21,chaitra_navratri,Chaitra Navratri (day 1),4,9,chaitra
2018-03-22,chaitra_navratri,Chaitra Navratri (day 1),5,9,chaitra
2018-03-23,chaitra_navratri,Chaitra Navratri (day 1),6,9,chaitra
2018-03-24,chaitra_navratri,Chaitra Navratri (day 1),7,9,chaitra
2018-03-25,chaitra_navratri,Chaitra Navratri (day 1),8,9,chaitra
2018-03-26,chaitra_navratri,Chaitra Navratri (day 1),9,9,chaitra
2018-08-26,raksha_bandhan,Raksha Bandhan,1,1,shravana
2018-10-10,sharad_navratri,Sharad Navratri (day 1),1,9,ashvina
2018-10-11,sharad_navratri,Sharad Navratri (day 1),2,9,ashvina
2018-10-12,sharad_navratri,Sharad Navratri (day 1),3,9,ashvina
2018-10-13,sharad_navratri,Sharad Navratri (day 1),4,9,ashvina
2018-10-14,sharad_navratri,Sharad Navratri (day 1),5,9,ashvina
2018-10-15,sharad_navratri,Sharad Navratri (day 1),6,9,ashvina
2018-10-16,sharad_navratri,Sharad Navratri (day 1),7,9,ashvina
2018-10-17,sharad_navratri,Sharad Navratri (day 1),8,9,ashvina
2018-10-18,sharad_navratri,Sharad Navratri (day 1),9,9,ashvina
2018-11-07,diwali,Diwali (Lakshmi Puja),1,1,ashvina
2019-03-04,maha_shivaratri,Maha Shivaratri,1,1,magha
2019-04-06,chaitra_navratri,Chaitra Navratri (day 1),1,9,chaitra
2019-04-07,chaitra_navratri,Chaitra Navratri (day 1),2,9,chaitra
2019-04-08,chaitra_navratri,Chaitra Navratri (day 1),3,9,chaitra
2019-04-09,chaitra_navratri,Chaitra Navratri (day 1),4,9,chaitra
2019-04-10,chaitra_navratri,Chaitra Navratri (day 1),5,9,chaitra
2019-04-11,chaitra_navratri,Chaitra Navratri (day 1),6,9,chaitra
2019-04-12,chaitra_navratri,Chaitra Navratri (day 1),7,9,chaitra
2019-04-13,chaitra_navratri,Chaitra Navratri (day 1),8,9,chaitra
2019-04-14,chaitra_navratri,Chaitra Navratri (day 1),9,9,chaitra
2019-08-15,raksha_bandhan,Raksha Bandhan,1,1,shravana
2019-09-29,sharad_navratri,Sharad Navratri (day 1),1,9,ashvina
2019-09-30,sharad_navratri,Sharad Navratri (day 1),2,9,ashvina
2019-10-01,sharad_navratri,Sharad Navratri (day 1),3,9,ashvina
2019-10-02,sharad_navratri,Sharad Navratri (day 1),4,9,ashvina
2019-10-03,sharad_navratri,Sharad Navratri (day 1),5,9,ashvina
2019-10-04,sharad_navratri,Sharad Navratri (day 1),6,9,ashvina
2019-10-05,sharad_navratri,Sharad Navratri (day 1),7,9,ashvina
2019-10-06,sharad_navratri,Sharad Navratri (day 1),8,9,ashvina
2019-10-07,sharad_navratri,Sharad Navratri (day 1),9,9,ashvina
2019-10-27,diwali,Diwali (Lakshmi Puja),1,1,ashvina
2020-02-21,maha_shivaratri,Maha Shivaratri,1,1,magha
2020-03-25,chaitra_navratri,Chaitra Navratri (day 1),1,9,chaitra
2020-03-26,chaitra_navratri,Chaitra Navratri (day 1),2,9,chaitra
2020-03-27,chaitra_navratri,Chaitra Navratri (day 1),3,9,chaitra
2020-03-28,chaitra_navratri,Chaitra Navratri (day 1),4,9,chaitra
2020-03-29,chaitra_navratri,Chaitra Navratri (day 1),5,9,chaitra
2020-03-30,chaitra_navratri,Chaitra Navratri (day 1),6,9,chaitra
2020-03-31,chaitra_navratri,Chaitra Navratri (day 1),7,9,chaitra
2020-04-01,chaitra_navratri,Chaitra Navratri (day 1),8,9,chaitra
2020-04-02,chaitra_navratri,Chaitra Navratri (day 1),9,9,chaitra
2020-08-03,raksha_bandhan,Raksha Bandhan,1,1,shravana
2020-10-17,sharad_navratri,Sharad Navratri (day 1),1,9,ashvina
2020-10-18,sharad_navratri,Sharad Navratri (day 1),2,9,ashvina
2020-10-19,sharad_navratri,Sharad Navratri (day 1),3,9,ashvina
2020-10-20,sharad_navratri,Sharad Navratri (day 1),4,9,ashvina
2020-10-21,sharad_navratri,Sharad Navratri (day 1),5,9,ashvina
2020-10-22,sharad_navratri,Sharad Navratri (day 1),6,9,ashvina
2020-10-23,sharad_navratri,Sharad Navratri (day 1),7,9,ashvina
2020-10-24,sharad_navratri,Sharad Navratri (day 1),8,9,ashvina
2020-10-25,sharad_navratri,Sharad Navratri (day 1),9,9,ashvina
2020-11-14,diwali,Diwali (Lakshmi Puja),1,1,ashvina
2021-03-11,maha_shivaratri,Maha Shivaratri,1,1,magha
2021-04-13,chaitra_navratri,Chaitra Navratri (day 1),1,9,chaitra
2021-04-14,chaitra_navratri,Chaitra Navratri (day 1),2,9,chaitra
2021-04-15,chaitra_navratri,Chaitra Navratri (day 1),3,9,chaitra
2021-04-16,chaitra_navratri,Chaitra Navratri (day 1),4,9,chaitra
2021-04-17,chaitra_navratri,Chaitra Navratri (day 1),5,9,chaitra
2021-04-18,chaitra_navratri,Chaitra Navratri (day 1),6,9,chaitra
2021-04-19,chaitra_navratri,Chaitra Navratri (day 1),7,9,chaitra
2021-04-20,chaitra_navratri,Chaitra Navratri (day 1),8,9,chaitra
2021-04-21,chaitra_navratri,Chaitra Navratri (day 1),9,9,chaitra
2021-08-22,raksha_bandhan,Raksha Bandhan,1,1,shravana
2021-10-07,sharad_navratri,Sharad Navratri (day 1),1,9,ashvina
2021-10-08,sharad_navratri,Sharad Navratri (day 1),2,9,ashvina
2021-10-09,sharad_navratri,Sharad Navratri (day 1),3,9,ashvina
2021-10-10,sharad_navratri,Sharad Navratri (day 1),4,9,ashvina
2021-10-11,sharad_navratri,Sharad Navratri (day 1),5,9,ashvina
2021-10-12,sharad_navratri,Sharad Navratri (day 1),6,9,ashvina
2021-10-13,sharad_navratri,Sharad Navratri (day 1),7,9,ashvina
2021-10-14,sharad_navratri,Sharad Navratri (day 1),8,9,ashvina
2021-10-15,sharad_navratri,Sharad Navratri (day 1),9,9,ashvina
2021-11-04,diwali,Diwali (Lakshmi Puja),1,1,ashvina
2022-03-01,maha_shivaratri,Maha Shivaratri,1,1,magha
2022-04-02,chaitra_navratri,Chaitra Navratri (day 1),1,9,chaitra
2022-04-03,chaitra_navratri,Chaitra Navratri (day 1),2,9,chaitra
2022-04-04,chaitra_navratri,Chaitra Navratri (day 1),3,9,chaitra
2022-04-05,chaitra_navratri,Chaitra Navratri (day 1),4,9,chaitra
2022-04-06,chaitra_navratri,Chaitra Navratri (day 1),5,9,chaitra
2022-04-07,chaitra_navratri,Chaitra Navratri (day 1),6,9,chaitra
2022-04-08,chaitra_navratri,Chaitra Navratri (day 1),7,9,chaitra
2022-04-09,chaitra_navratri,Chaitra Navratri (day 1),8,9,chaitra
2022-04-10,chaitra_navratri,Chaitra Navratri (day 1),9,9,chaitra
2022-08-12,raksha_bandhan,Raksha Bandhan,1,1,shravana
2022-09-26,sharad_navratri,Sharad Navratri (day 1),1,9,ashvina
2022-09-27,sharad_navratri,Sharad Navratri (day 1),2,9,ashvina
2022-09-28,sharad_navratri,Sharad Navratri (day 1),3,9,ashvina
2022-09-29,sharad_navratri,Sharad Navratri (day 1),4,9,ashvina
2022-09-30,sharad_navratri,Sharad Navratri (day 1),5,9,ashvina
2022-10-01,sharad_navratri,Sharad Navratri (day 1),6,9,ashvina
2022-10-02,sharad_navratri,Sharad Navratri (day 1),7,9,ashvina
2022-10-03,sharad_navratri,Sharad Navratri (day 1),8,9,ashvina
2022-10-04,sharad_navratri,Sharad Navratri (day 1),9,9,ashvina
2022-10-24,diwali,Diwali (Lakshmi Puja),1,1,ashvina
2023-02-18,maha_shivaratri,Maha Shivaratri,1,1,magha
2023-03-22,chaitra_navratri,Chaitra Navratri (day 1),1,9,chaitra
2023-03-23,chaitra_navratri,Chaitra Navratri (day 1),2,9,chaitra
2023-03-24,chaitra_navratri,Chaitra Navratri (day 1),3,9,chaitra
2023-03-25,chaitra_navratri,Chaitra Navratri (day 1),4,9,chaitra
2023-03-26,chaitra_navratri,Chaitra Navratri (day 1),5,9,chaitra
2023-03-27,chaitra_navratri,Chaitra Navratri (day 1),6,9,chaitra
2023-03-28,chaitra_navratri,Chaitra Navratri (day 1),7,9,chaitra
2023-03-29,chaitra_navratri,Chaitra Navratri (day 1),8,9,chaitra
2023-03-30,chaitra_navratri,Chaitra Navratri (day 1),9,9,chaitra
2023-08-31,raksha_bandhan,Raksha Bandhan,1,1,shravana
2023-10-15,sharad_navratri,Sharad Navratri (day 1),1,9,ashvina
2023-10-16,sharad_navratri,Sharad Navratri (day 1),2,9,ashvina
2023-10-17,sharad_navratri,Sharad Navratri (day 1),3,9,ashvina
2023-10-18,sharad_navratri,Sharad Navratri (day 1),4,9,ashvina
2023-10-19,sharad_navratri,Sharad Navratri (day 1),5,9,ashvina
2023-10-20,sharad_navratri,Sharad Navratri (day 1),6,9,ashvina
2023-10-21,sharad_navratri,Sharad Navratri (day 1),7,9,ashvina
2023-10-22,sharad_navratri,Sharad Navratri (day 1),8,9,ashvina
2023-10-23,sharad_navratri,Sharad Navratri (day 1),9,9,ashvina
2023-11-12,diwali,Diwali (Lakshmi Puja),1,1,ashvina
2024-03-08,maha_shivaratri,Maha Shivaratri,1,1,magha
2024-04-09,chaitra_navratri,Chaitra Navratri (day 1),1,9,chaitra
2024-04-10,chaitra_navratri,Chaitra Navratri (day 1),2,9,chaitra
2024-04-11,chaitra_navratri,Chaitra Navratri (day 1),3,9,chaitra
2024-04-12,chaitra_navratri,Chaitra Navratri (day 1),4,9,chaitra
2024-04-13,chaitra_navratri,Chaitra Navratri (day 1),5,9,chaitra
2024-04-14,chaitra_navratri,Chaitra Navratri (day 1),6,9,chaitra
2024-04-15,chaitra_navratri,Chaitra Navratri (day 1),7,9,chaitra
2024-04-16,chaitra_navratri,Chaitra Navratri (day 1),8,9,chaitra
2024-04-17,chaitra_navratri,Chaitra Navratri (day 1),9,9,chaitra
2024-08-19,raksha_bandhan,Raksha Bandhan,1,1,shravana
2024-10-03,sharad_navratri,Sharad Navratri (day 1),1,9,ashvina
2024-10-04,sharad_navratri,Sharad Navratri (day 1),2,9,ashvina
2024-10-05,sharad_navratri,Sharad Navratri (day 1),3,9,ashvina
2024-10-06,sharad_navratri,Sharad Navratri (day 1),4,9,ashvina
2024-10-07,sharad_navratri,Sharad Navratri (day 1),5,9,ashvina
2024-10-08,sharad_navratri,Sharad Navratri (day 1),6,9,ashvina
2024-10-09,sharad_navratri,Sharad Navratri (day 1),7,9,ashvina
2024-10-10,sharad_navratri,Sharad Navratri (day 1),8,9,ashvina
2024-10-11,sharad_navratri,Sharad Navratri (day 1),9,9,ashvina
2024-10-31,diwali,Diwali (Lakshmi Puja),1,1,ashvina
2025-02-26,maha_shivaratri,Maha Shivaratri,1,1,magha
2025-03-30,chaitra_navratri,Chaitra Navratri (day 1),1,9,chaitra
2025-03-31,chaitra_navratri,Chaitra Navratri (day 1),2,9,chaitra
2025-04-01,chaitra_navratri,Chaitra Navratri (day 1),3,9,chaitra
2025-04-02,chaitra_navratri,Chaitra Navratri (day 1),4,9,chaitra
2025-04-03,chaitra_navratri,Chaitra Navratri (day 1),5,9,chaitra
2025-04-04,chaitra_navratri,Chaitra Navratri (day 1),6,9,chaitra
2025-04-05,chaitra_navratri,Chaitra Navratri (day 1),7,9,chaitra
2025-04-06,chaitra_navratri,Chaitra Navratri (day 1),8,9,chaitra
2025-04-07,chaitra_navratri,Chaitra Navratri (day 1),9,9,chaitra
2025-08-09,raksha_bandhan,Raksha Bandhan,1,1,shravana
2025-09-22,sharad_navratri,Sharad Navratri (day 1),1,9,ashvina
2025-09-23,sharad_navratri,Sharad Navratri (day 1),2,9,ashvina
2025-09-24,sharad_navratri,Sharad Navratri (day 1),3,9,ashvina
2025-09-25,sharad_navratri,Sharad Navratri (day 1),4,9,ashvina
2025-09-26,sharad_navratri,Sharad Navratri (day 1),5,9,ashvina
2025-09-27,sharad_navratri,Sharad Navratri (day 1),6,9,ashvina
2025-09-28,sharad_navratri,Sharad Navratri (day 1),7,9,ashvina
2025-09-29,sharad_navratri,Sharad Navratri (day 1),8,9,ashvina
2025-09-30,sharad_navratri,Sharad Navratri (day 1),9,9,ashvina
2025-10-20,diwali,Diwali (Lakshmi Puja),1,1,ashvina
2026-02-15,maha_shivaratri,Maha Shivaratri,1,1,magha
2026-03-19,chaitra_navratri,Chaitra Navratri (day 1),1,9,chaitra
2026-03-20,chaitra_navratri,Chaitra Navratri (day 1),2,9,chaitra
2026-03-21,chaitra_navratri,Chaitra Navratri (day 1),3,9,chaitra
2026-03-22,chaitra_navratri,Chaitra Navratri (day 1),4,9,chaitra
2026-03-23,chaitra_navratri,Chaitra Navratri (day 1),5,9,chaitra
2026-03-24,chaitra_navratri,Chaitra Navratri (day 1),6,9,chaitra
2026-03-25,chaitra_navratri,Chaitra Navratri (day 1),7,9,chaitra
2026-03-26,chaitra_navratri,Chaitra Navratri (day 1),8,9,chaitra
2026-03-27,chaitra_navratri,Chaitra Navratri (day 1),9,9,chaitra
2026-08-28,raksha_bandhan,Raksha Bandhan,1,1,shravana
2026-10-11,sharad_navratri,Sharad Navratri (day 1),1,9,ashvina
2026-10-12,sharad_navratri,Sharad Navratri (day 1),2,9,ashvina
2026-10-13,sharad_navratri,Sharad Navratri (day 1),3,9,ashvina
2026-10-14,sharad_navratri,Sharad Navratri (day 1),4,9,ashvina
2026-10-15,sharad_navratri,Sharad Navratri (day 1),5,9,ashvina
2026-10-16,sharad_navratri,Sharad Navratri (day 1),6,9,ashvina
2026-10-17,sharad_navratri,Sharad Navratri (day 1),7,9,ashvina
2026-10-18,sharad_navratri,Sharad Navratri (day 1),8,9,ashvina
2026-10-19,sharad_navratri,Sharad Navratri (day 1),9,9,ashvina
2026-11-08,diwali,Diwali (Lakshmi Puja),1,1,ashvina
2027-03-06,maha_shivaratri,Maha Shivaratri,1,1,magha
2027-04-07,chaitra_navratri,Chaitra Navratri (day 1),1,9,chaitra
2027-04-08,chaitra_navratri,Chaitra Navratri (day 1),2,9,chaitra
2027-04-09,chaitra_navratri,Chaitra Navratri (day 1),3,9,chaitra
2027-04-10,chaitra_navratri,Chaitra Navratri (day 1),4,9,chaitra
2027-04-11,chaitra_navratri,Chaitra Navratri (day 1),5,9,chaitra
2027-04-12,chaitra_navratri,Chaitra Navratri (day 1),6,9,chaitra
2027-04-13,chaitra_navratri,Chaitra Navratri (day 1),7,9,chaitra
2027-04-14,chaitra_navratri,Chaitra Navratri (day 1),8,9,chaitra
2027-04-15,chaitra_navratri,Chaitra Navratri (day 1),9,9,chaitra
2027-08-17,raksha_bandhan,Raksha Bandhan,1,1,shravana
2027-10-01,sharad_navratri,Sharad Navratri (day 1),1,9,ashvina
2027-10-02,sharad_navratri,Sharad Navratri (day 1),2,9,ashvina
2027-10-03,sharad_navratri,Sharad Navratri (day 1),3,9,ashvina
2027-10-04,sharad_navratri,Sharad Navratri (day 1),4,9,ashvina
2027-10-05,sharad_navratri,Sharad Navratri (day 1),5,9,ashvina
2027-10-06,sharad_navratri,Sharad Navratri (day 1),6,9,ashvina
2027-10-07,sharad_navratri,Sharad Navratri (day 1),7,9,ashvina
2027-10-08,sharad_navratri,Sharad Navratri (day 1),8,9,ashvina
2027-10-09,sharad_navratri,Sharad Navratri (day 1),9,9,ashvina
2027-10-29,diwali,Diwali (Lakshmi Puja),1,1,ashvina
2028-02-23,maha_shivaratri,Maha Shivaratri,1,1,magha
2028-03-27,chaitra_navratri,Chaitra Navratri (day 1),1,9,chaitra
2028-03-28,chaitra_navratri,Chaitra Navratri (day 1),2,9,chaitra
2028-03-29,chaitra_navratri,Chaitra Navratri (day 1),3,9,chaitra
2028-03-30,chaitra_navratri,Chaitra Navratri (day 1),4,9,chaitra
2028-03-31,chaitra_navratri,Chaitra Navratri (day 1),5,9,chaitra
2028-04-01,chaitra_navratri,Chaitra Navratri (day 1),6,9,chaitra
2028-04-02,chaitra_navratri,Chaitra Navratri (day 1),7,9,chaitra
2028-04-03,chaitra_navratri,Chaitra Navratri (day 1),8,9,chaitra
2028-04-04,chaitra_navratri,Chaitra Navratri (day 1),9,9,chaitra
2028-08-05,raksha_bandhan,Raksha Bandhan,1,1,shravana
2028-09-19,sharad_navratri,Sharad Navratri (day 1),1,9,ashvina
2028-09-20,sharad_navratri,Sharad Navratri (day 1),2,9,ashvina
2028-09-21,sharad_navratri,Sharad Navratri (day 1),3,9,ashvina
2028-09-22,sharad_navratri,Sharad Navratri (day 1),4,9,ashvina
2028-09-23,sharad_navratri,Sharad Navratri (day 1),5,9,ashvina
2028-09-24,sharad_navratri,Sharad Navratri (day 1),6,9,ashvina
2028-09-25,sharad_navratri,Sharad Navratri (day 1),7,9,ashvina
2028-09-26,sharad_navratri,Sharad Navratri (day 1),8,9,ashvina
2028-09-27,sharad_navratri,Sharad Navratri (day 1),9,9,ashvina
2028-10-17,diwali,Diwali (Lakshmi Puja),1,1,ashvina
2029-02-11,maha_shivaratri,Maha Shivaratri,1,1,magha
2029-04-14,chaitra_navratri,Chaitra Navratri (day 1),1,9,chaitra
2029-04-15,chaitra_navratri,Chaitra Navratri (day 1),2,9,chaitra
2029-04-16,chaitra_navratri,Chaitra Navratri (day 1),3,9,chaitra
2029-04-17,chaitra_navratri,Chaitra Navratri (day 1),4,9,chaitra
2029-04-18,chaitra_navratri,Chaitra Navratri (day 1),5,9,chaitra
2029-04-19,chaitra_navratri,Chaitra Navratri (day 1),6,9,chaitra
2029-04-20,chaitra_navratri,Chaitra Navratri (day 1),7,9,chaitra
2029-04-21,chaitra_navratri,Chaitra Navratri (day 1),8,9,chaitra
2029-04-22,chaitra_navratri,Chaitra Navratri (day 1),9,9,chaitra
2029-08-24,raksha_bandhan,Raksha Bandhan,1,1,shravana
2029-10-08,sharad_navratri,Sharad Navratri (day 1),1,9,ashvina
2029-10-09,sharad_navratri,Sharad Navratri (day 1),2,9,ashvina
2029-10-10,sharad_navratri,Sharad Navratri (day 1),3,9,ashvina
2029-10-11,sharad_navratri,Sharad Navratri (day 1),4,9,ashvina
2029-10-12,sharad_navratri,Sharad Navratri (day 1),5,9,ashvina
2029-10-13,sharad_navratri,Sharad Navratri (day 1),6,9,ashvina
2029-10-14,sharad_navratri,Sharad Navratri (day 1),7,9,ashvina
2029-10-15,sharad_navratri,Sharad Navratri (day 1),8,9,ashvina
2029-10-16,sharad_navratri,Sharad Navratri (day 1),9,9,ashvina
2029-11-05,diwali,Diwali (Lakshmi Puja),1,1,ashvina
2030-03-02,maha_shivaratri,Maha Shivaratri,1,1,magha
2030-04-03,chaitra_navratri,Chaitra Navratri (day 1),1,9,chaitra
2030-04-04,chaitra_navratri,Chaitra Navratri (day 1),2,9,chaitra
2030-04-05,chaitra_navratri,Chaitra Navratri (day 1),3,9,chaitra
2030-04-06,chaitra_navratri,Chaitra Navratri (day 1),4,9,chaitra
2030-04-07,chaitra_navratri,Chaitra Navratri (day 1),5,9,chaitra
2030-04-08,chaitra_navratri,Chaitra Navratri (day 1),6,9,chaitra
2030-04-09,chaitra_navratri,Chaitra Navratri (day 1),7,9,chaitra
2030-04-10,chaitra_navratri,Chaitra Navratri (day 1),8,9,chaitra
2030-04-11,chaitra_navratri,Chaitra Navratri (day 1),9,9,chaitra
2030-08-13,raksha_bandhan,Raksha Bandhan,1,1,shravana
2030-09-28,sharad_navratri,Sharad Navratri (day 1),1,9,ashvina
2030-09-29,sharad_navratri,Sharad Navratri (day 1),2,9,ashvina
2030-09-30,sharad_navratri,Sharad Navratri (day 1),3,9,ashvina
2030-10-01,sharad_navratri,Sharad Navratri (day 1),4,9,ashvina
2030-10-02,sharad_navratri,Sharad Navratri (day 1),5,9,ashvina
2030-10-03,sharad_navratri,Sharad Navratri (day 1),6,9,ashvina
2030-10-04,sharad_navratri,Sharad Navratri (day 1),7,9,ashvina
2030-10-05,sharad_navratri,Sharad Navratri (day 1),8,9,ashvina
2030-10-06,sharad_navratri,Sharad Navratri (day 1),9,9,ashvina
2030-10-26,diwali,Diwali (Lakshmi Puja),1,1,ashvina
